F1 = 1.42442
F2 = 1.45985
F3 = 1.47628
F4 = 1.47777

